cbPalette <- c("#E69F00", "#56B4E9", "#009E73",  "#0072B2", "#D55E00", "#CC79A7")
orange = "#E69F00"
blue = "#56B4E9"
green = "#009E73"